109
175
257
342
430
518
585
660
750
830
897
985
1056
1148
1227
1318
1385
1463
1549
1618
1705
1795
1876
1955
2025
2102
2184
2251
2328
2399
2474
2528
2620
2700
2777
2862
2927
3006
3092
3174
3262
3326
3417
3485
3565
3643
3711
3798
3865
3926
4012
4081
4157
4234
4301
4389
4452
4536
4611
4697
4785
4874
4953
5228
5329
5406
5473
5542
5574
5656
5735
5819
5875
5957
6024
6093
6162
6231
6294
6363
6394
6464
6579
6654
6677
6789
6857
6937
6966
7082
7150
7239
7272
7338
7449
7520
7571
7665
7735
7825
7889
7959
8036
8121
8208
8290
8364
8454
8553
8622
8735
8807
8882
8969
9059
9151
9229
9327
9408
9499
9598
9669
9749
9836
9914
10003
10078
10167
10255
10335
10418
10506
10584
10665
10738
10826
10904
10991
11073
11150
11226
11302
11380
11468
11549
11635
11702
11788
11869
11946
12020
12103
12191
12268
12345
12416
12513
12581
12658
12737
12813
12908
