1	1459885707660
2	1459885708532
3	1459885709431
4	1459885710309
5	1459885711162
6	1459885711985
7	1459885712799
8	1459885713600
9	1459885714363
10	1459885715139
11	1459885715888
12	1459885716699
13	1459885717501
14	1459885718314
15	1459885719177
16	1459885719969
17	1459885720704
18	1459885721567
19	1459885722397
20	1459885723127
21	1459885723904
22	1459885724750
23	1459885725563
24	1459885726326
25	1459885727078
26	1459885727871
27	1459885728705
28	1459885729482
29	1459885730294
30	1459885730991
31	1459885731738
32	1459885732468
33	1459885733302
34	1459885734116
35	1459885734925
36	1459885735672
37	1459885736456
38	1459885737319
39	1459885738228
40	1459885739075
41	1459885739892
42	1459885740652
43	1459885741450
44	1459885742218
45	1459885743026
46	1459885743813
47	1459885744539
48	1459885745303
49	1459885746067
50	1459885746895
51	1459885747608
52	1459885748407
53	1459885749199
54	1459885749880
55	1459885750680
56	1459885751460
57	1459885752219
58	1459885753054
59	1459885753929
60	1459885754696
61	1459885755509
62	1459885756406
63	1459885757365
64	1459885760224
65	1459885761050
66	1459885761864
67	1459885762600
68	1459885763309
69	1459885763955
70	1459885764656
71	1459885765386
72	1459885766050
73	1459885766701
74	1459885767446
75	1459885768121
76	1459885768843
77	1459885769503
78	1459885770180
79	1459885770895
80	1459885771609
81	1459885772305
82	1459885773002
83	1459885773717
84	1459885774434
85	1459885775146
86	1459885775891
87	1459885776655
88	1459885777375
89	1459885778069
90	1459885778865
91	1459885779593
92	1459885780344
93	1459885780971
94	1459885781704
95	1459885782452
96	1459885783195
97	1459885783946
98	1459885784726
99	1459885785440
100	1459885786220
101	1459885786913
102	1459885787578
103	1459885788460
104	1459885789291
105	1459885790049
106	1459885790912
107	1459885791892
108	1459885792729
109	1459885793588
110	1459885794571
111	1459885795313
112	1459885796211
113	1459885797053
114	1459885797951
115	1459885798795
116	1459885799694
117	1459885800539
118	1459885801456
119	1459885802353
120	1459885803332
121	1459885804074
122	1459885804975
123	1459885805837
124	1459885806784
125	1459885807575
126	1459885808410
127	1459885809185
128	1459885810032
129	1459885810812
130	1459885811750
131	1459885812542
132	1459885813375
133	1459885814136
134	1459885814978
135	1459885815828
136	1459885816659
137	1459885817552
138	1459885818314
139	1459885819175
140	1459885819971
141	1459885820673
142	1459885821499
143	1459885822300
144	1459885823213
145	1459885823989
146	1459885824790
147	1459885825553
148	1459885826380
149	1459885827164
150	1459885828039
151	1459885828824
152	1459885829633
153	1459885830446
154	1459885831315
155	1459885832074
156	1459885832870
157	1459885833635
158	1459885834485
159	1459885835228
160	1459885836107
161	1459885836988
162	1459885837871
